the short description -  82, 82, 82
Font: Myriad Pro


Sunday - 130, 153, 206
Monday - 227, 78, 80
Tuesday - 105, 10, 104
Wednesday - 169, 103, 170
Thursday - 224, 134, 24
Friday - 223, 212, 0
Saturday - 159, 188, 46

Sunday
140, 166, 226
150, 176, 237
163, 190, 251
176, 201, 255
192, 211, 255
206, 221, 154
Monday
234, 97, 99
240, 107, 109
249, 124, 125
253, 136, 138
255, 149, 151
255, 161, 162
Tuesday
126, 22, 125
151, 34, 150
181, 50, 179
198, 67, 197
207, 88, 206
212, 110, 211
Wednesday
185, 111, 186
194, 116, 195
205, 122, 206
215, 134, 217
227, 153, 228
236, 170, 237
Thursday
235, 165, 80
243, 170, 82
251, 187, 87
255, 183, 96
255, 192, 114
255, 199, 130
Friday
226, 215, 4
234, 224, 18
244, 234, 37
251, 242, 60
254, 245, 83
255, 247, 109
Saturday
185, 216, 66
192, 222, 74
199, 222, 82
205, 234, 90
211, 240, 100
218, 246, 110
